{
  "save": [
    {
      "fuel": 79.0,
      "pos": {
        "x": -23.7209988,
        "y": -0.3053838,
        "z": 34.0973244,
        "normalized": {
          "x": -0.5710672,
          "y": -0.00735191163,
          "z": 0.82087034,
          "normalized": {
            "x": -0.5710673,
            "y": -0.007351912,
            "z": 0.8208704,
            "magnitude": 1.0,
            "sqrMagnitude": 1.00000012
          },
          "magnitude": 0.99999994,
          "sqrMagnitude": 0.99999994
        },
        "magnitude": 41.5380135,
        "sqrMagnitude": 1725.40662
      },
      "rotX": 1.86271429,
      "rotY": 124.251495,
      "rotZ": 0.00112773723
    }
  ]
}